version 1.0 (Automatic Bayesian peakBagging Algorithm -- 06/2019 -- T.Kallinger)
#
KIC  10014959
#
      fmax    fmax_e       dnu     dnu_e   dnu_cor dnu_cor_e     dnu02   dnu02_e      f0_c    f0_c_e     alpha   alpha_e   evo
   175.742     0.261    14.103     0.007    14.140     0.004     1.827     0.009   173.927     0.007    0.0033    0.0004     0
#
  l      freq  freq_err       amp   amp_err       tau   tau_err        ev       ev1
  0   132.160     0.021      11.1       1.7      45.1      19.7     1.000     0.000
  0   145.717     0.019      20.1       1.7      24.0       6.7     1.000     0.000
  0   159.840     0.011      34.8       1.6      33.5       5.7     1.000     0.000
  0   173.930     0.007      50.5       1.9      48.4       6.9     1.000     0.000
  0   188.024     0.010      32.8       2.2      36.5       7.2     1.000     0.000
  0   202.350     0.021      20.2       1.3      16.2       3.2     1.000     0.000
  0   216.928     0.077      10.0       1.2       7.8       3.0     1.000     0.000
  0   231.386     0.145       5.1       1.2      15.0      11.1     0.996     0.000
  2   143.882     0.018      14.4       1.7      14.4       4.2     1.000     0.000
  2   157.950     0.013      25.8       2.4       9.7       9.7     1.000     0.000
  2   172.148     0.013      44.5       2.9       4.2      14.4     1.000     0.000
  2   186.256     0.015      29.2       2.1       4.5       4.5     1.000     0.000
  2   200.591     0.036      16.6       1.1       2.0       2.0     1.000     0.000
  2   215.030     0.079      12.2       1.1       1.6       1.6     1.000     0.000
  1   137.027     0.002       3.2       1.5       0.0       0.0     0.509     0.339
  1   138.411     0.021       6.4       2.0     240.4     128.3     0.258     0.940
  1   138.796     0.007       7.8       2.1     267.6     124.2     0.993     0.940
  1   139.380     0.011      10.5       2.5     164.0      94.6     1.000     0.995
  1   139.748     0.005      11.2       2.5     302.6     109.6     1.000     0.995
  1   146.346     0.001       2.9       1.4       0.0       0.0     0.792     0.409
  1   150.525     0.003       3.2       1.3       0.0       0.0     0.389     0.493
  1   151.788     0.005      11.2       2.1     262.4     106.2     1.000     0.895
  1   152.184     0.013       8.0       2.1     196.8     111.6     0.972     0.998
  1   152.559     0.006      14.4       3.2     225.3     109.7     1.000     0.998
  1   153.019     0.007      17.2       3.8     188.2      97.5     1.000     0.997
  1   153.323     0.005      10.7       2.4     306.0     106.5     1.000     0.997
  1   153.650     0.003      14.8       2.6     367.4      84.4     1.000     0.997
  1   154.365     0.008       7.1       1.6     234.3     102.3     0.864     0.974
  1   155.338     0.005       8.1       2.0     315.2     100.7     1.000     0.947
  1   158.342     0.002       3.1       1.8       0.0       0.0     0.267     0.146
  1   158.540     0.007       3.5       2.1       0.0       0.0     0.425     0.146
  1   160.483     0.003       3.1       1.3       0.0       0.0     0.280     0.569
  1   164.854     0.004       8.3       1.9     333.8     100.7     1.000     0.875
  1   165.338     0.003      11.3       2.1     396.8      73.2     1.000     0.875
  1   165.790     0.005      15.8       3.3     270.3     107.9     1.000     0.875
  1   166.664     0.008       6.4       2.0     285.1     107.2     0.999     0.908
  1   166.866     0.018      51.1       3.5      61.0       4.4     1.000     1.000
  1   167.190     0.007      20.8       4.7     208.1     107.0     1.000     1.000
  1   167.919     0.005      22.7       4.8     240.7     107.4     1.000     1.000
  1   168.318     0.004      12.3       2.5     312.9     102.1     1.000     0.874
  1   168.762     0.004      14.5       2.8     319.5     100.7     1.000     0.874
  1   170.008     0.002       8.7       1.4     394.2      72.2     1.000     0.782
  1   174.945     0.001       3.6       1.1       0.0       0.0     0.847     0.446
  1   175.985     0.001       3.3       0.7       0.0       0.0     0.676     0.446
  1   178.025     0.003      12.4       2.3     392.3      77.8     1.000     0.982
  1   178.520     0.004      11.7       2.4     319.0     103.1     1.000     0.982
  1   179.954     0.008       9.6       3.0     294.4     105.6     1.000     0.928
  1   180.294     0.007      43.2       4.5      71.4       7.0     1.000     1.000
  1   180.628     0.006      27.9       6.0     167.7      90.5     1.000     1.000
  1   181.387     0.007      31.8       6.5     107.6      52.6     1.000     1.000
  1   181.689     0.006      17.9       4.0     183.4      95.2     1.000     1.000
  1   182.011     0.005      21.4       4.5     219.6     100.3     1.000     1.000
  1   183.456     0.003       8.3       2.1       0.0       0.0     1.000     0.035
  1   183.946     0.002       4.7       1.9       0.0       0.0     1.000     0.035
  1   184.441     0.002       4.4       1.8       0.0       0.0     1.000     0.035
  1   185.879     0.006       9.1       1.9     282.9      88.0     1.000     0.911
  1   185.939     0.003       7.1       1.6     358.8      86.9     1.000     0.911
  1   189.149     0.002       2.5       1.4       0.0       0.0     0.286     0.161
  1   190.186     0.005       3.9       1.1     335.3     104.0     0.893     0.779
  1   192.130     0.004       6.9       1.4     354.8      93.5     1.000     1.000
  1   192.615     0.003       4.9       0.6     259.4      83.2     0.995     0.885
  1   194.671     0.015      17.4       2.2      63.9      11.9     1.000     1.000
  1   194.921     0.013      11.6       2.5     109.0      70.9     0.996     1.000
  1   195.168     0.011      19.9       2.4      69.5      18.3     1.000     1.000
  1   196.208     0.007      14.8       3.0     180.1      78.4     1.000     1.000
  1   196.558     0.006      12.3       2.7     211.8      93.8     1.000     1.000
  1   196.995     0.004      12.6       2.4     301.3     101.1     1.000     1.000
  1   199.024     0.004       4.1       0.9     345.9      94.2     0.662     0.797
  1   208.842     0.017       8.4       1.6      79.7      37.3     0.996     1.000
  1   209.079     0.006       4.1       0.9     240.6     114.0     0.268     0.777
  1   209.348     0.008      13.7       1.8      64.0      10.0     1.000     1.000
  1   213.610     0.004       3.9       0.8     299.2      87.0     0.999     0.820
  3   162.675     0.007      11.3       2.7     177.0     104.5     1.000     0.988
  3   176.803     0.007      17.6       3.8     138.0      85.0     1.000     0.982
  3   191.028     0.015      10.2       1.8      74.3      35.7     1.000     1.000
