version 1.0 (Automatic Bayesian peakBagging Algorithm -- 06/2019 -- T.Kallinger)
#
KIC  10083815
#
      fmax    fmax_e       dnu     dnu_e   dnu_cor dnu_cor_e     dnu02   dnu02_e      f0_c    f0_c_e     alpha   alpha_e   evo
    18.077     0.146     2.596     0.006     2.590     0.004     0.407     0.009    17.991     0.007    0.0282    0.0024     0
#
  l      freq  freq_err       amp   amp_err       tau   tau_err        ev       ev1
  0    12.966     0.013      77.4      15.5      74.8      18.4     0.968     0.000
  0    15.413     0.009     123.7      13.9      77.5      15.0     1.000     0.000
  0    18.011     0.008     169.6      11.6      69.2      15.9     1.000     0.000
  0    20.607     0.012     125.5      10.8      51.2      16.3     1.000     0.000
  0    23.273     0.056      72.4      10.5      18.5      10.3     1.000     0.000
  2    15.043     0.017     110.5      16.0      20.5      16.2     1.000     0.000
  2    17.585     0.008     156.3      15.5      16.2      20.5     1.000     0.000
  2    20.208     0.021     122.8      11.0       9.8       9.8     1.000     0.000
  2    22.916     0.018      70.9      10.4      17.5      17.5     1.000     0.000
