version 1.0 (Automatic Bayesian peakBagging Algorithm -- 06/2019 -- T.Kallinger)
#
KIC  10093888
#
      fmax    fmax_e       dnu     dnu_e   dnu_cor dnu_cor_e     dnu02   dnu02_e      f0_c    f0_c_e     alpha   alpha_e   evo
     5.994     0.079     1.060     0.011     1.024     0.004     0.169     0.007     5.934     0.006    0.0335    0.0058     0
#
  l      freq  freq_err       amp   amp_err       tau   tau_err        ev       ev1
  0     3.928     0.019     340.2      57.8      64.2      20.4     1.000     0.000
  0     4.922     0.019     415.8      50.1      55.6      22.6     1.000     0.000
  0     5.938     0.007     474.2      41.6      81.0      13.5     1.000     0.000
  0     6.987     0.017     352.2      37.2      55.0      20.8     1.000     0.000
  2     4.658     0.069     388.8      75.1      20.5      18.8     0.915     0.000
  2     5.748     0.011     455.2      51.4      18.8      20.5     1.000     0.000
  2     6.886     0.033     307.9      62.7      22.3      22.3     0.983     0.000
  2     7.935     0.033     174.6      33.3      21.1      21.1     1.000     0.000
