version 1.0 (Automatic Bayesian peakBagging Algorithm -- 06/2019 -- T.Kallinger)
#
KIC  10207268
#
      fmax    fmax_e       dnu     dnu_e   dnu_cor dnu_cor_e     dnu02   dnu02_e      f0_c    f0_c_e     alpha   alpha_e   evo
    19.841     0.187     2.881     0.019     2.908     0.011     0.428     0.017    22.523     0.017    0.0119    0.0055     3
#
  l      freq  freq_err       amp   amp_err       tau   tau_err        ev       ev1
  0    16.815     0.017     163.4      19.1      51.8      22.2     1.000     0.000
  0    19.616     0.022     169.1      13.4      26.2       9.1     1.000     0.000
  0    22.509     0.036     176.9      10.6      16.2       5.8     1.000     0.000
  0    25.421     0.028      92.1      12.8      29.6      14.0     1.000     0.000
  2    13.498     0.058      94.2      23.4      23.9      14.2     0.997     0.000
  2    16.447     0.064     160.1      24.6       9.2       9.2     1.000     0.000
  2    19.177     0.018     169.0      13.9      14.2      23.9     1.000     0.000
  2    21.947     0.068     169.9      17.1       9.5       9.5     1.000     0.000
  2    25.004     0.117      91.3      15.5       9.2       9.2     1.000     0.000
