version 1.0 (Automatic Bayesian peakBagging Algorithm -- 06/2019 -- T.Kallinger)
#
KIC  10289378
#
      fmax    fmax_e       dnu     dnu_e   dnu_cor dnu_cor_e     dnu02   dnu02_e      f0_c    f0_c_e     alpha   alpha_e   evo
    25.027     0.176     3.621     0.010     3.261     0.002     0.552     0.031    29.042     0.012    0.0558    0.0016     0
#
  l      freq  freq_err       amp   amp_err       tau   tau_err        ev       ev1
  0    18.426     0.016      90.3      11.9      56.9      19.5     1.000     0.000
  0    21.753     0.115      38.0      16.2      47.8      26.9     1.000     0.000
  0    25.854     0.014      73.4       8.9      35.4      18.1     1.000     0.000
  0    29.026     0.016     121.0       2.2      18.3       3.4     1.000     0.000
  0    33.248     0.021      46.5       8.3      56.3      18.8     1.000     0.000
  2    21.179     0.024     126.6      10.7       9.2       9.2     1.000     0.000
  2    32.229     0.042      81.0       3.5       3.4       3.4     1.000     0.000
  2    40.112     0.016      16.4       3.1       9.4       9.4     0.930     0.000
