version 1.0 (Automatic Bayesian peakBagging Algorithm -- 06/2019 -- T.Kallinger)
#
KIC  10471780
#
      fmax    fmax_e       dnu     dnu_e   dnu_cor dnu_cor_e     dnu02   dnu02_e      f0_c    f0_c_e     alpha   alpha_e   evo
     3.157     0.068     0.874     0.007     0.838     0.014     0.125     0.007     2.520     0.008    0.0481    0.0162     0
#
  l      freq  freq_err       amp   amp_err       tau   tau_err        ev       ev1
  0     2.529     0.008     533.5      39.1      79.0      14.2     1.000     0.000
  0     3.368     0.009     495.3      54.5      68.2      18.4     1.000     0.000
  0     4.286     0.011     360.1      15.6      58.0      14.7     1.000     0.000
  0     6.214     0.015      99.8      15.2      47.4      15.8     0.943     0.000
  0     7.253     0.025      85.1      13.8      41.9      13.6     0.996     0.000
  0     8.375     0.024      60.8       9.2      35.3       8.7     1.000     0.000
  2     3.262     0.012     491.1      53.7      19.0      19.0     1.000     0.000
  2     5.036     0.032     123.0      32.0      20.8      20.8     0.972     0.000
