version 1.0 (Automatic Bayesian peakBagging Algorithm -- 06/2019 -- T.Kallinger)
#
KIC  10785390
#
      fmax    fmax_e       dnu     dnu_e   dnu_cor dnu_cor_e     dnu02   dnu02_e      f0_c    f0_c_e     alpha   alpha_e   evo
    14.546     0.086     2.263     0.008     2.243     0.005     0.387     0.011    15.389     0.008    0.0069    0.0037     0
#
  l      freq  freq_err       amp   amp_err       tau   tau_err        ev       ev1
  0    13.103     0.021     196.5       8.0      20.3       6.0     1.000     0.000
  0    15.406     0.008     237.0       6.4      47.9       9.4     1.000     0.000
  0    25.175     0.047      44.1       5.5      24.4       9.4     1.000     0.000
  2    10.689     0.011     106.8      17.0      16.4      17.5     1.000     0.000
  2    12.732     0.014     148.9      21.1      19.0      19.0     1.000     0.000
  2    15.024     0.016     167.8      20.9      17.5      16.4     1.000     0.000
  2    17.246     0.010     138.5       4.6       7.8       7.8     1.000     0.000
  2    19.701     0.020      43.6       8.9      16.4      16.4     1.000     0.000
  2    22.263     0.029      39.2       7.8      15.3      15.3     1.000     0.000
