version 1.0 (Automatic Bayesian peakBagging Algorithm -- 06/2019 -- T.Kallinger)
#
KIC  10864433
#
      fmax    fmax_e       dnu     dnu_e   dnu_cor dnu_cor_e     dnu02   dnu02_e      f0_c    f0_c_e     alpha   alpha_e   evo
    13.731     0.105     2.159     0.006     2.136     0.007     0.327     0.011    14.483     0.009    0.0182    0.0074     3
#
  l      freq  freq_err       amp   amp_err       tau   tau_err        ev       ev1
  0    10.400     0.037      70.4      19.4      62.1      23.5     0.976     0.000
  0    12.325     0.009     164.6      15.4      73.8      15.7     1.000     0.000
  0    14.518     0.007     169.4      15.4      78.2      14.1     1.000     0.000
  0    16.633     0.013      90.1      14.4      65.4      18.9     1.000     0.000
  2    12.006     0.010     162.6      16.0      17.4      15.8     1.000     0.000
  2    14.180     0.008     179.9      12.1      15.8      17.4     1.000     0.000
  2    16.329     0.022     123.8       6.5       6.9       6.9     1.000     0.000
  2    18.460     0.092      49.0      14.9      21.5      21.5     0.988     0.000
