version 1.0 (Automatic Bayesian peakBagging Algorithm -- 06/2019 -- T.Kallinger)
#
KIC  11199150
#
      fmax    fmax_e       dnu     dnu_e   dnu_cor dnu_cor_e     dnu02   dnu02_e      f0_c    f0_c_e     alpha   alpha_e   evo
     9.048     0.090     1.522     0.011     1.515     0.005     0.259     0.012    10.109     0.010    0.0270    0.0078     3
#
  l      freq  freq_err       amp   amp_err       tau   tau_err        ev       ev1
  0     7.197     0.040     221.7      37.5      50.6      24.9     1.000     0.000
  0     8.591     0.017     308.6      35.5      54.6      20.7     1.000     0.000
  0    10.112     0.016     387.4      23.7      40.9      15.1     1.000     0.000
  0    11.687     0.065     135.4      40.7      30.4      18.4     0.998     0.000
  2     1.240     0.018     391.5      94.5      23.9      17.2     0.950     0.000
  2     8.329     0.010     312.1      34.4      17.2      23.9     1.000     0.000
  2     9.875     0.017     368.3      32.6      17.5      17.5     1.000     0.000
  2    12.984     0.040      78.6      20.1      16.5      16.5     0.984     0.000
