version 1.0 (Automatic Bayesian peakBagging Algorithm -- 06/2019 -- T.Kallinger)
#
KIC  11243761
#
      fmax    fmax_e       dnu     dnu_e   dnu_cor dnu_cor_e     dnu02   dnu02_e      f0_c    f0_c_e     alpha   alpha_e   evo
     9.815     0.081     1.545     0.006     1.480     0.004     0.207     0.008     8.865     0.009    0.0326    0.0046     0
#
  l      freq  freq_err       amp   amp_err       tau   tau_err        ev       ev1
  0     7.432     0.017     202.0      25.6      60.7      20.9     1.000     0.000
  0     8.818     0.008     319.8      19.0      73.0      16.1     1.000     0.000
  0    10.412     0.012     301.6      24.3      51.5      17.2     1.000     0.000
  0    11.935     0.010     229.5      16.4      56.4      17.6     1.000     0.000
  0    13.522     0.063      92.5      28.6      35.9      21.3     0.999     0.000
  2     8.642     0.037     285.3      38.3      12.8      13.6     1.000     0.000
  2    10.178     0.006     311.8      20.6      13.6      12.8     1.000     0.000
  2    11.698     0.011     224.3      18.7      17.4      17.4     1.000     0.000
  2    13.334     0.082     103.5      21.7      15.6      15.6     0.996     0.000
