version 1.0 (Automatic Bayesian peakBagging Algorithm -- 06/2019 -- T.Kallinger)
#
KIC  11649869
#
      fmax    fmax_e       dnu     dnu_e   dnu_cor dnu_cor_e     dnu02   dnu02_e      f0_c    f0_c_e     alpha   alpha_e   evo
    17.604     0.186     2.829     0.011     2.753     0.012     0.441     0.018    16.042     0.010    0.0244    0.0060     3
#
  l      freq  freq_err       amp   amp_err       tau   tau_err        ev       ev1
  0    13.357     0.028     131.0      20.9      38.5      20.7     1.000     0.000
  0    16.020     0.009     203.7      10.2      55.6      14.2     1.000     0.000
  0    18.891     0.017     177.7       7.6      26.1       7.2     1.000     0.000
  0    21.610     0.044     115.8      19.0      21.9      15.4     1.000     0.000
  0    30.754     0.040      30.6       6.0      41.6      14.3     1.000     0.000
  2    15.582     0.059     149.9      24.3       8.8      12.6     1.000     0.000
  2    18.395     0.027     144.5      17.9      12.6       8.8     1.000     0.000
  2    21.226     0.053     138.0      10.4       4.7       4.7     1.000     0.000
  2    24.157     0.063      62.5      12.1      13.3      13.3     0.999     0.000
