version 1.0 (Automatic Bayesian peakBagging Algorithm -- 06/2019 -- T.Kallinger)
#
KIC  2014684
#
      fmax    fmax_e       dnu     dnu_e   dnu_cor dnu_cor_e     dnu02   dnu02_e      f0_c    f0_c_e     alpha   alpha_e   evo
     6.125     0.081     1.115     0.014     1.007     0.003     0.181     0.007     5.098     0.006    0.0623    0.0041     3
#
  l      freq  freq_err       amp   amp_err       tau   tau_err        ev       ev1
  0     5.104     0.010     343.0      36.0      67.9      20.8     1.000     0.000
  0     6.120     0.009     331.0      39.3      78.7      14.9     1.000     0.000
  0     7.230     0.012     306.0      32.9      60.7      18.8     1.000     0.000
  2     3.766     0.042     220.4      62.1      24.2      10.3     0.978     0.000
  2     4.705     0.023     318.6      48.1      23.5      23.5     1.000     0.000
  2     5.942     0.006     355.2      34.2      10.3      24.2     1.000     0.000
  2     7.061     0.008     324.1      26.8      14.7      14.7     1.000     0.000
  2     8.163     0.024     182.1      16.2      16.9      16.9     1.000     0.000
  2    10.651     0.039      63.5      17.3      15.2      15.2     0.973     0.000
