version 1.0 (Automatic Bayesian peakBagging Algorithm -- 06/2019 -- T.Kallinger)
#
KIC  2283093
#
      fmax    fmax_e       dnu     dnu_e   dnu_cor dnu_cor_e     dnu02   dnu02_e      f0_c    f0_c_e     alpha   alpha_e   evo
    12.440     0.176     1.550     0.011     1.482     0.008     0.212     0.008    11.492     0.022    0.0395    0.0077     3
#
  l      freq  freq_err       amp   amp_err       tau   tau_err        ev       ev1
  0    11.483     0.008     124.7      10.3      73.8      16.4     1.000     0.000
  0    13.044     0.018     113.8      11.3      48.0      18.5     1.000     0.000
  0    14.591     0.009      96.9      10.7      74.2      15.2     1.000     0.000
  2     9.931     0.032      93.1      20.2      22.2      21.7     0.999     0.000
  2    11.321     0.016     101.5      16.7      20.2      20.2     1.000     0.000
  2    12.895     0.015     111.3      12.7      21.7      22.2     1.000     0.000
  2    14.427     0.021      95.6      10.8      16.9      16.9     1.000     0.000
  2    15.952     0.021      67.1       6.4      17.0      17.0     1.000     0.000
