version 1.0 (Automatic Bayesian peakBagging Algorithm -- 06/2019 -- T.Kallinger)
#
KIC  2569078
#
      fmax    fmax_e       dnu     dnu_e   dnu_cor dnu_cor_e     dnu02   dnu02_e      f0_c    f0_c_e     alpha   alpha_e   evo
    24.165     0.171     2.923     0.009     2.887     0.006     0.405     0.012    23.102     0.009    0.0191    0.0035     0
#
  l      freq  freq_err       amp   amp_err       tau   tau_err        ev       ev1
  0    17.489     0.029      66.7      16.2      64.8      21.8     0.997     0.000
  0    20.195     0.021     118.5      13.5      55.3      19.1     1.000     0.000
  0    23.125     0.008     173.1      16.0      78.7      13.8     1.000     0.000
  0    26.008     0.015     150.1      10.6      43.2      15.4     1.000     0.000
  0    28.991     0.025      98.8       7.8      30.5      11.8     1.000     0.000
  2    22.691     0.009     166.6      18.4      15.7      11.0     1.000     0.000
  2    25.602     0.020     153.1       9.2      11.0      15.7     1.000     0.000
  2    28.604     0.043      91.1      10.8      10.5      10.5     1.000     0.000
  2    31.585     0.047      54.8       9.2      19.4      19.4     1.000     0.000
