version 1.0 (Automatic Bayesian peakBagging Algorithm -- 06/2019 -- T.Kallinger)
#
KIC  2846051
#
      fmax    fmax_e       dnu     dnu_e   dnu_cor dnu_cor_e     dnu02   dnu02_e      f0_c    f0_c_e     alpha   alpha_e   evo
     6.788     0.093     1.105     0.006     1.091     0.003     0.160     0.006     7.255     0.005    0.0240    0.0044     0
#
  l      freq  freq_err       amp   amp_err       tau   tau_err        ev       ev1
  0     6.154     0.011     305.6      26.5      63.5      18.7     1.000     0.000
  0     7.267     0.005     322.8      24.9      87.4      10.0     1.000     0.000
  0     8.338     0.018     194.2      18.1      42.6      18.4     1.000     0.000
  0     9.501     0.021     103.5      16.4      53.4      19.5     1.000     0.000
  2     4.952     0.014     179.4      25.9      19.1      12.3     1.000     0.000
  2     6.008     0.011     301.8      29.5      20.6      20.6     1.000     0.000
  2     7.100     0.006     298.2      33.8      12.3      19.1     1.000     0.000
  2     8.211     0.025     191.4      20.1      18.4      18.4     1.000     0.000
