version 1.0 (Automatic Bayesian peakBagging Algorithm -- 06/2019 -- T.Kallinger)
#
KIC  3849027
#
      fmax    fmax_e       dnu     dnu_e   dnu_cor dnu_cor_e     dnu02   dnu02_e      f0_c    f0_c_e     alpha   alpha_e   evo
    26.757     0.167     3.791     0.024     3.777     0.015     0.691     0.024    26.176     0.016    0.0210    0.0058     0
#
  l      freq  freq_err       amp   amp_err       tau   tau_err        ev       ev1
  0    22.476     0.035     148.4       8.9      13.2       4.3     1.000     0.000
  0    26.169     0.014     182.3       7.2      27.1       6.3     1.000     0.000
  0    30.061     0.039     150.1       8.2      10.8       2.9     1.000     0.000
  0    33.887     0.067      96.6       6.8       7.1       2.2     1.000     0.000
  0    46.088     0.159      15.8       6.6      22.3      12.9     0.948     0.000
  2    21.784     0.071      89.1      24.5      26.1       2.6     0.985     0.000
  2    25.430     0.048     170.0      12.7       2.6      26.1     1.000     0.000
  2    29.374     0.069     151.1       7.8       1.5       1.5     1.000     0.000
  2    33.105     0.101      93.7       8.5       2.4       2.4     1.000     0.000
