version 1.0 (Automatic Bayesian peakBagging Algorithm -- 06/2019 -- T.Kallinger)
#
KIC  4758222
#
      fmax    fmax_e       dnu     dnu_e   dnu_cor dnu_cor_e     dnu02   dnu02_e      f0_c    f0_c_e     alpha   alpha_e   evo
    25.518     0.392     3.033     0.016     2.986     0.008     0.438     0.019    24.060     0.015    0.0194    0.0038     0
#
  l      freq  freq_err       amp   amp_err       tau   tau_err        ev       ev1
  0    18.224     0.069      57.5      19.6      64.1      25.1     0.973     0.000
  0    21.064     0.024      81.8      13.9      60.3      22.5     1.000     0.000
  0    24.074     0.022     141.7      19.1      58.2      22.6     1.000     0.000
  0    27.096     0.040      81.9      12.4      47.3      23.9     1.000     0.000
  0    30.122     0.065      87.5      12.1      27.2      18.6     1.000     0.000
  0    33.335     0.057      55.7       8.4      36.2      19.4     1.000     0.000
  2    23.629     0.017     139.8      19.8      19.6      19.6     1.000     0.000
  2    29.700     0.056      86.1      12.7      21.6      21.6     1.000     0.000
