version 1.0 (Automatic Bayesian peakBagging Algorithm -- 06/2019 -- T.Kallinger)
#
KIC  4918925
#
      fmax    fmax_e       dnu     dnu_e   dnu_cor dnu_cor_e     dnu02   dnu02_e      f0_c    f0_c_e     alpha   alpha_e   evo
     5.769     0.110     1.150     0.013     1.076     0.006     0.163     0.008     6.087     0.008    0.0566    0.0075     3
#
  l      freq  freq_err       amp   amp_err       tau   tau_err        ev       ev1
  0     4.897     0.013     425.3      34.8      58.8      18.3     1.000     0.000
  0     6.084     0.009     478.6      27.8      63.7      17.1     1.000     0.000
  0     7.193     0.009     368.2      35.0      72.9      15.5     1.000     0.000
  0     8.402     0.044     158.9      34.4      31.0      18.0     0.983     0.000
  2     3.694     0.019     292.5      53.7      20.9      16.8     0.999     0.000
  2     4.631     0.011     398.7      46.3      17.3      17.3     1.000     0.000
  2     5.891     0.009     439.2      45.7      16.8      20.9     1.000     0.000
  2     7.051     0.009     374.7      32.1      14.8      14.8     1.000     0.000
  2     8.200     0.049     172.7      23.7      17.9      17.9     0.999     0.000
