version 1.0 (Automatic Bayesian peakBagging Algorithm -- 06/2019 -- T.Kallinger)
#
KIC  5038397
#
      fmax    fmax_e       dnu     dnu_e   dnu_cor dnu_cor_e     dnu02   dnu02_e      f0_c    f0_c_e     alpha   alpha_e   evo
    18.244     0.367     2.532     0.016     2.521     0.013     0.427     0.020    17.328     0.018    0.0375    0.0092     0
#
  l      freq  freq_err       amp   amp_err       tau   tau_err        ev       ev1
  0    14.889     0.021     177.1      24.6      64.8      21.1     1.000     0.000
  0    17.259     0.047     210.9      31.7      34.8      23.2     1.000     0.000
  0    19.907     0.021     208.1      26.8      61.2      20.5     1.000     0.000
  0    22.411     0.077     133.0      23.6      31.6      20.5     0.996     0.000
  0    28.071     0.117      51.9      14.6      27.8      16.4     0.955     0.000
  2    16.886     0.053     223.6      22.6      18.4      18.4     1.000     0.000
  2    19.515     0.051     217.9      22.3      14.9      14.9     1.000     0.000
  2    22.146     0.040     131.6      22.2      21.9      21.9     1.000     0.000
  2    24.729     0.015      92.1      12.6      13.8      13.8     1.000     0.000
