version 1.0 (Automatic Bayesian peakBagging Algorithm -- 06/2019 -- T.Kallinger)
#
KIC  5128272
#
      fmax    fmax_e       dnu     dnu_e   dnu_cor dnu_cor_e     dnu02   dnu02_e      f0_c    f0_c_e     alpha   alpha_e   evo
    13.774     0.199     1.901     0.011     1.847     0.018     0.308     0.014    12.764     0.015    0.0318    0.0140     3
#
  l      freq  freq_err       amp   amp_err       tau   tau_err        ev       ev1
  0    12.776     0.035     214.5      39.5      52.0      23.8     0.997     0.000
  0    14.641     0.044     174.6      42.3      50.7      27.4     0.915     0.000
  0    16.579     0.048     167.0      18.3      29.5      17.1     1.000     0.000
  2    10.686     0.041     203.8      28.5      21.9      19.3     1.000     0.000
  2    12.430     0.012     239.2      29.9      16.4      16.4     1.000     0.000
  2    14.372     0.014     228.0      20.3      19.3      21.9     1.000     0.000
  2    16.237     0.045     143.2      30.5      26.5      26.5     0.986     0.000
  2    18.145     0.097     106.7      14.9      18.1      18.1     1.000     0.000
