version 1.0 (Automatic Bayesian peakBagging Algorithm -- 06/2019 -- T.Kallinger)
#
KIC  5171575
#
      fmax    fmax_e       dnu     dnu_e   dnu_cor dnu_cor_e     dnu02   dnu02_e      f0_c    f0_c_e     alpha   alpha_e   evo
    14.530     0.143     2.052     0.009     2.051     0.006     0.307     0.010    16.016     0.007    0.0027    0.0022     0
#
  l      freq  freq_err       amp   amp_err       tau   tau_err        ev       ev1
  0     9.999     0.014     153.4      19.2      64.9      19.1     1.000     0.000
  0    11.935     0.009     108.5      23.4      56.9      26.4     1.000     0.000
  0    13.965     0.009     172.2      19.6      76.4      15.7     1.000     0.000
  0    16.022     0.010     207.1      19.0      63.8      17.4     1.000     0.000
  0    18.045     0.022      94.1      12.9      48.5      20.6     1.000     0.000
  0    20.182     0.044      45.8      12.5      50.8      23.4     0.915     0.000
  2    13.619     0.019     196.7      10.1       7.9      10.1     1.000     0.000
  2    15.720     0.012     227.8       9.1      10.1       7.9     1.000     0.000
  2    17.791     0.029      92.6      13.5      19.2      19.2     1.000     0.000
