version 1.0 (Automatic Bayesian peakBagging Algorithm -- 06/2019 -- T.Kallinger)
#
KIC  5181839
#
      fmax    fmax_e       dnu     dnu_e   dnu_cor dnu_cor_e     dnu02   dnu02_e      f0_c    f0_c_e     alpha   alpha_e   evo
     3.766     0.070     0.794     0.012     0.716     0.001     0.141     0.002     3.435     0.004    0.0354    0.0061     3
#
  l      freq  freq_err       amp   amp_err       tau   tau_err        ev       ev1
  0     3.407     0.017    1164.8      39.9      34.2       9.8     1.000     0.000
  0     4.152     0.008     888.2      82.3      79.4      14.3     1.000     0.000
  0     4.899     0.013     503.7      76.0      62.2      19.4     1.000     0.000
  0     8.727     0.030     119.5      18.1      33.6       9.0     1.000     0.000
  2     2.514     0.032     463.8     141.4      26.0      14.0     0.958     0.000
  2     3.156     0.008     971.4     127.4      16.6      16.6     1.000     0.000
  2     4.014     0.007     893.0      80.3      14.0      26.0     1.000     0.000
  2     4.796     0.010     555.8      58.5      15.9      15.9     1.000     0.000
  2     5.629     0.027     296.7      39.1      18.2      18.2     1.000     0.000
