version 1.0 (Automatic Bayesian peakBagging Algorithm -- 06/2019 -- T.Kallinger)
#
KIC  5471005
#
      fmax    fmax_e       dnu     dnu_e   dnu_cor dnu_cor_e     dnu02   dnu02_e      f0_c    f0_c_e     alpha   alpha_e   evo
     8.340     0.135     1.480     0.008     1.404     0.014     0.228     0.011     8.022     0.013    0.0204    0.0089     3
#
  l      freq  freq_err       amp   amp_err       tau   tau_err        ev       ev1
  0     6.511     0.036     147.5      34.0      58.9      25.7     0.998     0.000
  0     7.987     0.009     276.0      18.5      67.3      17.1     1.000     0.000
  0     9.470     0.009     248.2      12.8      65.0      14.9     1.000     0.000
  0    10.932     0.002     171.4      10.6      32.3       7.2     1.000     0.000
  2     7.754     0.014     233.5      33.3      21.0      21.0     1.000     0.000
  2     9.254     0.013     176.5      29.9      19.0      19.0     1.000     0.000
  2    10.668     0.030     153.1      21.0      17.6      17.6     1.000     0.000
  2    12.323     0.041      66.2      16.6      18.9      18.9     0.975     0.000
