version 1.0 (Automatic Bayesian peakBagging Algorithm -- 06/2019 -- T.Kallinger)
#
KIC  5768953
#
      fmax    fmax_e       dnu     dnu_e   dnu_cor dnu_cor_e     dnu02   dnu02_e      f0_c    f0_c_e     alpha   alpha_e   evo
    11.459     0.150     1.688     0.014     1.649     0.006     0.221     0.009    11.257     0.012    0.0121    0.0057     3
#
  l      freq  freq_err       amp   amp_err       tau   tau_err        ev       ev1
  0     8.025     0.054      92.5      40.8      57.6      24.2     0.990     0.000
  0     9.643     0.021     179.2      21.5      43.0      19.0     1.000     0.000
  0    11.219     0.011     180.7      13.4      56.1      19.0     1.000     0.000
  0    12.933     0.012     173.8      17.1      59.4      19.4     1.000     0.000
  0    14.594     0.035      90.7      19.8      40.2      23.8     0.997     0.000
  0    16.353     0.021      72.3       8.7      48.6      16.8     1.000     0.000
  2    10.963     0.051     155.6      28.5      21.1      17.0     0.999     0.000
  2    12.721     0.011     184.2      12.2      17.0      21.1     1.000     0.000
  2    14.343     0.026     120.6       9.5      12.5      12.5     1.000     0.000
