version 1.0 (Automatic Bayesian peakBagging Algorithm -- 06/2019 -- T.Kallinger)
#
KIC  7956524
#
      fmax    fmax_e       dnu     dnu_e   dnu_cor dnu_cor_e     dnu02   dnu02_e      f0_c    f0_c_e     alpha   alpha_e   evo
    18.870     0.301     2.516     0.020     2.471     0.013     0.345     0.018    19.484     0.016    0.0138    0.0071     3
#
  l      freq  freq_err       amp   amp_err       tau   tau_err        ev       ev1
  0    14.651     0.052     112.6      21.9      47.4      24.0     0.998     0.000
  0    16.969     0.026     177.8      24.9      57.4      22.3     1.000     0.000
  0    19.506     0.015     228.2      19.3      60.4      19.7     1.000     0.000
  0    21.985     0.044     122.8      17.2      37.2      20.8     1.000     0.000
  2    16.634     0.028     180.2      23.4      22.2      25.8     1.000     0.000
  2    19.212     0.045     189.1      37.7      25.8      22.2     1.000     0.000
  2    21.649     0.060     118.5      19.2      22.2      22.2     0.997     0.000
  2    24.172     0.054      98.0       7.8      11.3      11.3     1.000     0.000
  2    27.068     0.102      51.3      14.3      19.4      19.4     0.985     0.000
