version 1.0 (Automatic Bayesian peakBagging Algorithm -- 06/2019 -- T.Kallinger)
#
KIC  8088143
#
      fmax    fmax_e       dnu     dnu_e   dnu_cor dnu_cor_e     dnu02   dnu02_e      f0_c    f0_c_e     alpha   alpha_e   evo
     6.981     0.140     1.374     0.023     1.407     0.007     0.242     0.011     7.669     0.010    0.0612    0.0044     3
#
  l      freq  freq_err       amp   amp_err       tau   tau_err        ev       ev1
  0     5.003     0.019     346.8      46.0      63.0      19.9     1.000     0.000
  0     6.296     0.028     385.0      42.2      41.8      19.5     1.000     0.000
  0     7.682     0.020     393.1      36.8      41.6      19.7     1.000     0.000
  0     8.978     0.019     242.1      19.0      30.6      15.8     1.000     0.000
  2     6.099     0.021     343.6      59.2      23.0      19.1     0.999     0.000
  2     7.399     0.016     402.8      31.3      19.1      23.0     1.000     0.000
  2    11.730     0.078      73.0      26.3      19.0      19.0     0.936     0.000
  2    13.254     0.051      65.6      16.9      16.1      16.1     0.987     0.000
