version 1.0 (Automatic Bayesian peakBagging Algorithm -- 06/2019 -- T.Kallinger)
#
KIC  8475511
#
      fmax    fmax_e       dnu     dnu_e   dnu_cor dnu_cor_e     dnu02   dnu02_e      f0_c    f0_c_e     alpha   alpha_e   evo
    13.193     0.083     1.991     0.005     1.980     0.004     0.310     0.009    13.581     0.007    0.0244    0.0034     0
#
  l      freq  freq_err       amp   amp_err       tau   tau_err        ev       ev1
  0    11.585     0.010     229.6      14.2      55.4      16.4     1.000     0.000
  0    13.611     0.009     267.3      13.0      51.9      13.7     1.000     0.000
  0    15.572     0.014     186.7      16.8      42.0      14.7     1.000     0.000
  0    19.949     0.137      45.6      15.7      22.0      18.3     0.948     0.000
  2    11.270     0.008     190.2      25.4      14.6      14.8     1.000     0.000
  2    13.299     0.007     243.8      22.3      14.8      14.6     1.000     0.000
  2    15.265     0.009     200.7      12.2      15.0      15.0     1.000     0.000
  2    17.384     0.071      84.2      17.1      14.4      14.4     1.000     0.000
