version 1.0 (Automatic Bayesian peakBagging Algorithm -- 06/2019 -- T.Kallinger)
#
KIC  8689860
#
      fmax    fmax_e       dnu     dnu_e   dnu_cor dnu_cor_e     dnu02   dnu02_e      f0_c    f0_c_e     alpha   alpha_e   evo
     9.188     0.094     1.378     0.009     1.344     0.004     0.210     0.005     9.151     0.005    0.0391    0.0051     0
#
  l      freq  freq_err       amp   amp_err       tau   tau_err        ev       ev1
  0     7.808     0.012     232.0      18.4      59.3      18.6     1.000     0.000
  0     9.162     0.007     298.0      21.1      81.9      12.6     1.000     0.000
  0    10.518     0.011     232.4      12.5      50.4      14.4     1.000     0.000
  0    11.933     0.021     127.4      22.6      44.9      20.2     1.000     0.000
  0    15.132     0.058      38.9      15.1      35.1      16.5     0.905     0.000
  2     8.950     0.010     275.3      29.6      18.4      18.4     1.000     0.000
  2    10.282     0.011     206.5      23.1      18.0      18.0     1.000     0.000
  2    11.780     0.022     148.9      13.1      15.8      15.8     1.000     0.000
  2    13.286     0.041      64.3      12.8      17.0      17.0     0.998     0.000
