version 1.0 (Automatic Bayesian peakBagging Algorithm -- 06/2019 -- T.Kallinger)
#
KIC  8719476
#
      fmax    fmax_e       dnu     dnu_e   dnu_cor dnu_cor_e     dnu02   dnu02_e      f0_c    f0_c_e     alpha   alpha_e   evo
    32.272     0.329     3.864     0.016     3.816     0.009     0.541     0.017    30.794     0.015    0.0161    0.0037     0
#
  l      freq  freq_err       amp   amp_err       tau   tau_err        ev       ev1
  0    26.990     0.011      76.2      11.7      80.1      15.0     1.000     0.000
  0    30.839     0.025     101.7      10.0      44.2      19.3     1.000     0.000
  0    34.614     0.041      79.3       9.7      31.3      19.3     1.000     0.000
  0    38.548     0.064      61.4      11.0      32.4      22.0     0.996     0.000
  2    30.262     0.023      97.2      12.5      22.5      23.4     1.000     0.000
  2    34.084     0.028      80.5       9.6      23.4      22.5     1.000     0.000
  2    38.008     0.018      68.3       8.6      20.0      20.0     1.000     0.000
  2    42.089     0.037      43.4       6.0      18.9      18.9     1.000     0.000
