version 1.0 (Automatic Bayesian peakBagging Algorithm -- 06/2019 -- T.Kallinger)
#
KIC  8952952
#
      fmax    fmax_e       dnu     dnu_e   dnu_cor dnu_cor_e     dnu02   dnu02_e      f0_c    f0_c_e     alpha   alpha_e   evo
    12.822     0.115     1.732     0.009     1.724     0.005     0.246     0.011    13.442     0.008    0.0146    0.0049     0
#
  l      freq  freq_err       amp   amp_err       tau   tau_err        ev       ev1
  0    10.070     0.010     128.8      15.4      74.3      16.7     1.000     0.000
  0    11.703     0.010     149.2      10.9      67.7      16.5     1.000     0.000
  0    13.459     0.009     181.1      11.8      63.1      16.8     1.000     0.000
  0    15.158     0.019     107.2       9.5      40.7      14.9     1.000     0.000
  0    16.932     0.046      54.6      12.9      44.9      21.2     1.000     0.000
  2     9.840     0.042     109.8      22.3      23.8      18.3     0.924     0.000
  2    11.412     0.021     126.5      18.2      21.5      21.5     1.000     0.000
  2    13.219     0.011     174.9      14.8      18.3      23.8     1.000     0.000
  2    14.906     0.013      92.7      13.6      18.1      18.1     1.000     0.000
