version 1.0 (Automatic Bayesian peakBagging Algorithm -- 06/2019 -- T.Kallinger)
#
KIC  8976283
#
      fmax    fmax_e       dnu     dnu_e   dnu_cor dnu_cor_e     dnu02   dnu02_e      f0_c    f0_c_e     alpha   alpha_e   evo
     5.548     0.082     0.986     0.010     0.960     0.007     0.138     0.007     6.312     0.011    0.0121    0.0099     3
#
  l      freq  freq_err       amp   amp_err       tau   tau_err        ev       ev1
  0     2.642     0.035     221.2      58.5      55.4      23.4     0.970     0.000
  0     4.343     0.022     215.5      34.0      58.8      22.6     1.000     0.000
  0     5.336     0.012     254.5      29.9      67.6      19.2     1.000     0.000
  0     6.324     0.024     296.0      21.6      33.0      12.2     1.000     0.000
  2     5.190     0.009     262.4      27.4      15.9      15.9     1.000     0.000
  2     6.186     0.014     287.0      26.2      18.7      18.7     1.000     0.000
  2     7.164     0.013     173.5      12.6      15.8      15.8     1.000     0.000
  2     9.384     0.038      47.9      15.7      14.6      14.6     0.901     0.000
