version 1.0 (Automatic Bayesian peakBagging Algorithm -- 06/2019 -- T.Kallinger)
#
KIC  9009403
#
      fmax    fmax_e       dnu     dnu_e   dnu_cor dnu_cor_e     dnu02   dnu02_e      f0_c    f0_c_e     alpha   alpha_e   evo
    12.849     0.142     1.829     0.013     1.787     0.007     0.294     0.010    12.227     0.007    0.0234    0.0060     3
#
  l      freq  freq_err       amp   amp_err       tau   tau_err        ev       ev1
  0    10.460     0.016     146.0      15.5      50.0      20.5     1.000     0.000
  0    12.210     0.009     193.7      11.9      62.6      16.8     1.000     0.000
  0    14.071     0.009     151.7      11.4      65.5      17.6     1.000     0.000
  0    15.886     0.034     109.9      11.0      16.2       8.0     1.000     0.000
  2    11.918     0.010     167.9      20.2      17.8      17.8     1.000     0.000
  2    13.838     0.045     128.1      23.7      20.1      20.1     1.000     0.000
  2    15.577     0.025     107.2      11.7      18.8      18.8     1.000     0.000
  2    17.630     0.046      61.5       9.1      16.8      16.8     1.000     0.000
