version 1.0 (Automatic Bayesian peakBagging Algorithm -- 06/2019 -- T.Kallinger)
#
KIC  9051516
#
      fmax    fmax_e       dnu     dnu_e   dnu_cor dnu_cor_e     dnu02   dnu02_e      f0_c    f0_c_e     alpha   alpha_e   evo
    14.492     0.267     2.083     0.022     2.092     0.010     0.312     0.014    15.921     0.013    0.0056    0.0046     3
#
  l      freq  freq_err       amp   amp_err       tau   tau_err        ev       ev1
  0    11.736     0.030     202.3      19.9      42.4      19.2     1.000     0.000
  0    13.882     0.017     187.3      23.2      62.9      21.8     1.000     0.000
  0    15.914     0.015     221.3      24.1      65.9      18.7     1.000     0.000
  0    18.011     0.025     129.0      19.4      52.9      19.7     1.000     0.000
  2    13.549     0.056     160.2      36.8      27.0      27.0     0.918     0.000
  2    15.588     0.066     212.6      29.3      16.7      16.7     1.000     0.000
  2    17.751     0.043     119.7      23.2      22.6      22.6     0.987     0.000
  2    20.104     0.054      56.0      15.6      17.6      17.6     0.982     0.000
