version 1.0 (Automatic Bayesian peakBagging Algorithm -- 06/2019 -- T.Kallinger)
#
KIC  9635490
#
      fmax    fmax_e       dnu     dnu_e   dnu_cor dnu_cor_e     dnu02   dnu02_e      f0_c    f0_c_e     alpha   alpha_e   evo
    15.044     0.114     2.159     0.008     2.116     0.005     0.327     0.008    14.720     0.006    0.0282    0.0033     0
#
  l      freq  freq_err       amp   amp_err       tau   tau_err        ev       ev1
  0    12.603     0.016     171.9      16.1      47.8      17.1     1.000     0.000
  0    14.733     0.007     288.5      17.0      70.2      15.6     1.000     0.000
  0    16.864     0.011     224.4      12.8      46.3      13.1     1.000     0.000
  0    19.062     0.015     113.1      14.2      50.5      17.9     1.000     0.000
  2    12.296     0.059     123.5      28.8      27.4      16.7     0.904     0.000
  2    14.381     0.009     275.7      22.0      16.7      27.4     1.000     0.000
  2    16.556     0.008     207.5      19.4      14.0      14.0     1.000     0.000
  2    18.689     0.038     126.9      10.1       6.2       6.2     1.000     0.000
  2    21.136     0.110      75.9      12.1      10.1      10.1     1.000     0.000
