version 1.0 (Automatic Bayesian peakBagging Algorithm -- 06/2019 -- T.Kallinger)
#
KIC  9970068
#
      fmax    fmax_e       dnu     dnu_e   dnu_cor dnu_cor_e     dnu02   dnu02_e      f0_c    f0_c_e     alpha   alpha_e   evo
    32.446     0.188     4.456     0.003     4.162     0.015     0.693     0.007    36.216     0.006    0.0218    0.0040     0
#
  l      freq  freq_err       amp   amp_err       tau   tau_err        ev       ev1
  0    27.393     0.026      66.0      10.1      37.3      18.3     1.000     0.000
  0    31.475     0.052     105.7      11.8       9.3       4.1     1.000     0.000
  0    35.901     0.061     129.1       2.0       5.2       0.8     1.000     0.000
  0    40.395     0.045      78.8       5.2       9.4       3.0     1.000     0.000
  0    44.762     0.129      16.9       6.0      55.2      22.5     0.964     0.000
  2    26.371     0.042     101.1       6.4       3.1       1.5     1.000     0.000
  2    30.155     0.081     113.7      11.2       2.5       2.5     1.000     0.000
  2    34.721     0.068     125.6       4.9       1.5       3.1     1.000     0.000
  2    39.729     0.057      53.0      10.4      17.4      17.4     1.000     0.000
